name: nanosquared
channels:
  - conda-forge
  - defaults
dependencies:
  - asttokens=2.0.5=pyhd8ed1ab_0
  - backcall=0.2.0=pyh9f0ad1d_0
  - backports=1.0=py_2
  - backports.functools_lru_cache=1.6.4=pyhd8ed1ab_0
  - brotlipy=0.7.0=py39hb82d6ee_1001
  - ca-certificates=2021.10.8=h5b45459_0
  - certifi=2021.10.8=py39hcbf5309_1
  - cffi=1.14.6=py39h0878f49_0
  - chardet=4.0.0=py39hcbf5309_1
  - colorama=0.4.4=pyh9f0ad1d_0
  - comtypes=1.1.8=py39hcbf5309_0
  - cryptography=3.4.7=py39hd8d06c1_0
  - debugpy=1.5.1=py39h415ef7b_0
  - decorator=5.1.1=pyhd8ed1ab_0
  - entrypoints=0.4=pyhd8ed1ab_0
  - executing=0.8.3=pyhd8ed1ab_0
  - idna=2.10=pyh9f0ad1d_0
  - intel-openmp=2021.3.0=h57928b3_3372
  - ipykernel=6.9.2=py39h832f523_0
  - ipython=8.1.1=py39hcbf5309_0
  - jedi=0.18.1=py39hcbf5309_0
  - jupyter_client=7.1.2=pyhd8ed1ab_0
  - jupyter_core=4.9.2=py39hcbf5309_0
  - libblas=3.9.0=11_win64_mkl
  - libcblas=3.9.0=11_win64_mkl
  - liblapack=3.9.0=11_win64_mkl
  - libsodium=1.0.18=h8d14728_1
  - m2w64-gcc-libgfortran=5.3.0=6
  - m2w64-gcc-libs=5.3.0=7
  - m2w64-gcc-libs-core=5.3.0=7
  - m2w64-gmp=6.1.0=2
  - m2w64-libwinpthread-git=5.0.0.4634.697f757=2
  - matplotlib-inline=0.1.3=pyhd8ed1ab_0
  - mkl=2021.3.0=hb70f87d_564
  - msys2-conda-epoch=20160418=1
  - nest-asyncio=1.5.4=pyhd8ed1ab_0
  - numpy=1.22.3=py39h6331f09_0
  - openssl=1.1.1n=h8ffe710_0
  - pandas=1.4.1=py39h2e25243_0
  - parso=0.8.3=pyhd8ed1ab_0
  - pathlib2=2.3.6=py39hcbf5309_0
  - pickleshare=0.7.5=py_1003
  - pip=22.0.4=pyhd8ed1ab_0
  - prompt-toolkit=3.0.27=pyha770c72_0
  - psutil=5.9.0=py39hb82d6ee_0
  - pthread-stubs=0.4=hcd874cb_1001
  - pure_eval=0.2.2=pyhd8ed1ab_0
  - pycparser=2.20=pyh9f0ad1d_2
  - pygments=2.11.2=pyhd8ed1ab_0
  - pyopenssl=20.0.1=pyhd8ed1ab_0
  - pypubsub=4.0.3=py_0
  - pyserial=3.5=pyhd8ed1ab_0
  - pysocks=1.7.1=py39hcbf5309_3
  - python=3.9.7=h7840368_3_cpython
  - python-dateutil=2.8.2=pyhd8ed1ab_0
  - python_abi=3.9=2_cp39
  - pythonnet=2.5.2=py39hcbf5309_4
  - pytz=2021.1=pyhd8ed1ab_0
  - pywin32=303=py39hb82d6ee_0
  - pyzmq=22.3.0=py39he46f08e_1
  - requests=2.25.1=pyhd3deb0d_0
  - scipy=1.8.0=py39hc0c34ad_1
  - setuptools=57.4.0=py39hcbf5309_0
  - six=1.16.0=pyh6c4a22f_0
  - sqlite=3.36.0=h8ffe710_0
  - stack_data=0.2.0=pyhd8ed1ab_0
  - tbb=2021.3.0=h2d74725_0
  - tornado=6.1=py39hb82d6ee_2
  - traitlets=5.1.1=pyhd8ed1ab_0
  - tzdata=2021a=he74cb21_1
  - ucrt=10.0.20348.0=h57928b3_0
  - urllib3=1.26.6=pyhd8ed1ab_0
  - vc=14.2=hb210afc_5
  - vs2015_runtime=14.29.30037=h902a5da_5
  - wcwidth=0.2.5=pyh9f0ad1d_2
  - wheel=0.37.0=pyhd8ed1ab_1
  - win_inet_pton=1.1.0=py39hcbf5309_2
  - wxpython=4.1.1=py39h5cc5705_5
  - zeromq=4.3.4=h0e60522_1
  - pip:
    - alabaster==0.7.12
    - babel==2.9.1
    - cycler==0.10.0
    - dnspython==2.2.0
    - docopt==0.6.2
    - docutils==0.17.1
    - fett==0.3.2
    - fonttools==4.31.2
    - imagesize==1.3.0
    - importlib-metadata==4.10.1
    - jinja2==3.0.3
    - kiwisolver==1.3.2
    - livereload==2.6.3
    - markupsafe==2.0.1
    - matplotlib==3.5.1
    - msl-loadlib==0.9.0
    - nanosquared==0.3
    - networkx==2.6.3
    - numpydoc==1.2
    - packaging==21.3
    - pillow==8.3.2
    - pymongo==3.12.3
    - pyparsing==2.4.7
    - pyqt5==5.15.6
    - pyqt5-qt5==5.15.2
    - pyqt5-sip==12.9.0
    - python-jsonrpc-server==0.3.4
    - pyyaml==5.4.1
    - rstcheck==3.3.1
    - snooty-lextudio==1.11.6
    - snowballstemmer==2.2.0
    - sphinx==4.4.0
    - sphinx-autobuild==2021.3.14
    - sphinx-autodoc-typehints==1.16.0
    - sphinxcontrib-applehelp==1.0.2
    - sphinxcontrib-devhelp==1.0.2
    - sphinxcontrib-htmlhelp==2.0.0
    - sphinxcontrib-jsmath==1.0.1
    - sphinxcontrib-qthelp==1.0.3
    - sphinxcontrib-serializinghtml==1.1.5
    - toml==0.10.2
    - typing-extensions==4.0.1
    - watchdog==1.0.2
    - zipp==3.7.0